-7.842055637829500370e+01  3.343912509861900162e+02
-7.827623753558110309e+01  3.345312277033901296e+02
-7.815647973757519651e+01  3.345724067039521401e+02
-7.806679190522555700e+01  3.346087677343711562e+02
-7.796518747529496807e+01  3.347473336445218024e+02
-7.794737332802959884e+01  3.348070065070382384e+02
-7.778144416555774399e+01  3.349242428113664687e+02
-7.784274621589666765e+01  3.350106264526294240e+02
-7.791570805160634450e+01  3.349166138490342064e+02
-7.792311351713580336e+01  3.349108958202929216e+02
-7.790978573471289792e+01  3.349298668355733639e+02
-7.789363237167326304e+01  3.349348035199333253e+02
-7.789778273100928629e+01  3.349240206852650203e+02
-7.789485916111011932e+01  3.349256282235452886e+02
-7.789645627426192220e+01  3.349609277522508251e+02
-7.786032404814979202e+01  3.347827123536027898e+02
-7.782776822432164465e+01  3.347864887571461168e+02
-7.783490224317256434e+01  3.348019733719492024e+02
-7.784840360215940791e+01  3.347836501333831620e+02
-7.779647682030686440e+01  3.347238149763737169e+02
-7.781186583780544197e+01  3.347385539042169853e+02
-7.802963198688486557e+01  3.346459576345650362e+02
-7.808407671724791044e+01  3.346531018596766103e+02
-7.814862762632412796e+01  3.345819774869526100e+02
-7.826889990470753844e+01  3.345575096231750649e+02
-7.832895365670152898e+01  3.345682708669097565e+02
-7.831214103896358836e+01  3.345956055067998705e+02
-7.832078694868475566e+01  3.346239880090659540e+02
-7.834942449601221881e+01  3.346432329374076744e+02
-7.837692019803702692e+01  3.346266461947357129e+02
-7.830329956874777508e+01  3.346604046125614786e+02
-7.829847455937704126e+01  3.347004766070539858e+02
-7.828741527851140347e+01  3.346957925559021305e+02
-7.828775857741148059e+01  3.346955285844438777e+02
-7.826215234868531923e+01  3.346980937265867055e+02
-7.823144681871141870e+01  3.347238547929499077e+02
-7.809809217286228034e+01  3.347649319201146341e+02
-7.812692732980018206e+01  3.347799820928944996e+02
-7.813269326247743152e+01  3.347082864710741319e+02
-7.799587279822009123e+01  3.347899118595967707e+02
-7.805818300538918209e+01  3.347508263315506269e+02
-7.806221959020525958e+01  3.348013857934735711e+02
-7.794227520250689167e+01  3.348197041888901708e+02
-7.794877561722306325e+01  3.348438637489501275e+02
-7.822141878056658015e+01  3.348072520256990288e+02
-7.822156618302919640e+01  3.348330886685634482e+02
-7.833196426337886464e+01  3.348617675715218525e+02
-7.835437941999204270e+01  3.348855800057963279e+02
-7.836756556272342777e+01  3.350040216788920020e+02
-7.832540187315747460e+01  3.351130752409889624e+02
-7.834991098677478760e+01  3.351589042908545935e+02
-7.828729504155822383e+01  3.352429151245878529e+02
-7.825245688229678365e+01  3.352484439592301442e+02
-7.831404289398990670e+01  3.350979209747551408e+02
-7.823787644435616073e+01  3.348664793754573452e+02
-7.835288207743911926e+01  3.347678070330698006e+02
-7.829120553547915051e+01  3.347477499255252837e+02
-7.813478777443900469e+01  3.347902585114160843e+02
-7.810258673722388778e+01  3.349100053166923772e+02
-7.781543421621245216e+01  3.351174104632513604e+02
-7.773906173667371888e+01  3.351582464082308093e+02
-7.770715702184143936e+01  3.353811883029952696e+02
-7.765029444537668724e+01  3.354103555027796801e+02
-7.757923178606689874e+01  3.354873948756313666e+02
-7.754443952726170153e+01  3.354792645923161558e+02
-7.741512376884980995e+01  3.356055716159508506e+02
-7.727156269133908495e+01  3.358399030667629290e+02
-7.733498564584920132e+01  3.358894299121184872e+02
-7.765866296310861117e+01  3.359605433598754871e+02
-7.764935003788031054e+01  3.359846862897181268e+02
-7.790981200596213796e+01  3.361365732666931763e+02
-7.801082087826927136e+01  3.361824160195585023e+02
-7.804800591204607940e+01  3.362352056348952374e+02
-7.818720460242651882e+01  3.362530533063266489e+02
-7.825227960070785116e+01  3.363241470403485209e+02
-7.826426911995764613e+01  3.362245151782739754e+02
-7.856762506024097092e+01  3.361771578933243063e+02
-7.864571595755705857e+01  3.361242808683026055e+02
-7.881213172313549364e+01  3.361298119330856480e+02
-7.914724752355773774e+01  3.361963947027919062e+02
-7.957387883355120550e+01  3.361660105916464545e+02
-7.992365191803611424e+01  3.362720326666217829e+02
-7.998919518882907198e+01  3.362648658583001406e+02
-8.010132285397587282e+01  3.361912484761147653e+02
-8.008202834008652360e+01  3.360182267231223250e+02
-8.007666776909138662e+01  3.359886667819295099e+02
-8.011341592682755675e+01  3.358212889551143121e+02
-7.988788159447554449e+01  3.358609917361166026e+02
-7.981412598746828735e+01  3.357430349726428744e+02
-7.977958938434508696e+01  3.358693323531986152e+02
-7.977285944145130259e+01  3.358067786029978947e+02
-7.975366421117570326e+01  3.358315215171714954e+02
-7.973955047470562363e+01  3.358322570577042825e+02
-7.955292428954783190e+01  3.356906712029744995e+02
-7.939092769424442508e+01  3.356278006477413101e+02
-7.918269283992304963e+01  3.355528131215064604e+02
-7.901412992491744092e+01  3.354544908532826071e+02
-7.899129636179661418e+01  3.354609475617098155e+02
-7.883687795734196868e+01  3.353119429394818098e+02
-7.862129528281337798e+01  3.352503991022063587e+02
-7.848197911284982808e+01  3.351930241085495936e+02
-7.836293502061667482e+01  3.352413620762846449e+02
-7.829489932935922525e+01  3.352767391985157701e+02
-7.808850860375008551e+01  3.352004586427189565e+02
-7.787458954662945132e+01  3.352183835389619730e+02
-7.779341061268375768e+01  3.353294422658817666e+02
-7.769172409665965517e+01  3.353142890475107833e+02
-7.782760946955670533e+01  3.352855735063365614e+02
-7.811274317151244873e+01  3.352461551407401998e+02
-7.830051934117591372e+01  3.352091828700652059e+02
-7.858990267914272465e+01  3.349728672483507808e+02
-7.879504114211438548e+01  3.348963432691354001e+02
-7.885864055858294819e+01  3.347645505033288487e+02
-7.906721907128630278e+01  3.347680026524309937e+02
-7.930561254676462113e+01  3.347329655681845679e+02
-7.962418456389251276e+01  3.345524560089775719e+02
-7.971827182070268236e+01  3.346034111470069661e+02
-7.986939703452121364e+01  3.345024399584862635e+02
-8.001844396656230174e+01  3.344660908839312015e+02
-8.035776987519052739e+01  3.342823177652371101e+02
-8.039972196428537643e+01  3.342959740734823413e+02
-8.050161472949123720e+01  3.342012066735952089e+02
-8.057742860238487026e+01  3.339149835267430717e+02
-8.067677977010657742e+01  3.337464345496012470e+02
-8.068293159514719548e+01  3.336028159462899794e+02
-8.065224694008853135e+01  3.334984687332451472e+02
-8.062370906163543793e+01  3.333458487601278080e+02
-8.058644202905121290e+01  3.331394410203116649e+02
-8.029823486125906129e+01  3.328961230553134101e+02
-8.009697338403164224e+01  3.328683420891883316e+02
-8.003025019791429884e+01  3.327343930762600621e+02
-7.984643157933494706e+01  3.328633368807386432e+02
-7.985023423738468296e+01  3.326475190682006655e+02
-7.979459264996810930e+01  3.325910312204691763e+02
-7.976956300568031111e+01  3.324752273450935149e+02
-7.965510878261176231e+01  3.323671213918344733e+02
-7.974069953931203258e+01  3.322587363024590559e+02
-7.966199438566958690e+01  3.321549362933553198e+02
-7.944101489880888778e+01  3.319406532676019879e+02
-7.917551891023914834e+01  3.318299153512244288e+02
-7.886930529493399433e+01  3.317878520860180629e+02
-7.874028197606695301e+01  3.317546792834039024e+02
-7.855599825617491661e+01  3.316671784893313202e+02
-7.846603908015180195e+01  3.314945162315956395e+02
-7.820512868325270972e+01  3.314711864526247496e+02
-7.815414993122875842e+01  3.314758727062915682e+02
-7.819672585155066713e+01  3.315061300008277385e+02
-7.809215685853493483e+01  3.315482446945084689e+02
-7.812194570617664624e+01  3.315520899533238435e+02
-7.802612965650780552e+01  3.318030700437461746e+02
-7.793096812131847173e+01  3.318190926022583085e+02
-7.777646850612835294e+01  3.318769375656070224e+02
-7.766765281870046067e+01  3.318610402620913646e+02
-7.750110844860654424e+01  3.318265592986465435e+02
-7.729706544979990213e+01  3.317116581668834101e+02
-7.703942717597065837e+01  3.314780339193387135e+02
-7.684864034717878667e+01  3.314040224087298157e+02
-7.694852555884898493e+01  3.312923424437207132e+02
-7.669102510860626865e+01  3.312583119101054194e+02
-7.630589172707365719e+01  3.312382031125171693e+02
-7.608437199319196509e+01  3.310311330631037094e+02
-7.600450029824540366e+01  3.309905084251756193e+02
-7.584735948971898267e+01  3.310241078066703722e+02
-7.593003723010136241e+01  3.311056576920296379e+02
-7.584912414293133054e+01  3.311401393290389024e+02
-7.555087648994619087e+01  3.311219408153572772e+02
-7.541798353444528402e+01  3.310691773802876128e+02
-7.523520618721542519e+01  3.310676153752785922e+02
-7.501688043917768312e+01  3.310747747187840559e+02
-7.487411596426657923e+01  3.310186007067491119e+02
-7.478150157076164817e+01  3.311202005324413449e+02
-7.466855171540214542e+01  3.309499846848556217e+02
-7.466907654703561548e+01  3.309034067757980893e+02
-7.454723096582002029e+01  3.308085901641604778e+02
-7.446454949743862528e+01  3.308062169855778052e+02
-7.427195667548150482e+01  3.308078981801737086e+02
-7.428442756475718056e+01  3.309985289955569101e+02
-7.431349925568370907e+01  3.311354683808629602e+02
-7.427826990407730534e+01  3.312426704651535943e+02
-7.429586176048255197e+01  3.316002812378132489e+02
-7.431209739731541219e+01  3.318778213843925187e+02
-7.429245638673241103e+01  3.319815895228824161e+02
-7.439186544456669026e+01  3.320416902837389443e+02
-7.430870140910620592e+01  3.320697189958989384e+02
-7.443515785645264771e+01  3.321134462162903560e+02
-7.476282834883554074e+01  3.321535667831797696e+02
-7.486270999134913495e+01  3.321446620975683004e+02
-7.501876355125442331e+01  3.322049493922372676e+02
-7.526325923941136864e+01  3.322190472607646825e+02
-7.524744718170362034e+01  3.325004238185430268e+02
-7.531083111160930343e+01  3.325688734125163819e+02
-7.523513228665353836e+01  3.327424959033078267e+02
-7.542128206098634280e+01  3.328642242423981088e+02
-7.539375711882064479e+01  3.330029483287612493e+02
-7.547703910999786103e+01  3.330429666958891630e+02
-7.553966456629024151e+01  3.331920780978700805e+02
-7.546215307229388713e+01  3.335654153346175121e+02
-7.573644548759162376e+01  3.336502639766688958e+02
-7.571957197800217898e+01  3.337558973112472813e+02
-7.578297191206721095e+01  3.337431015206453253e+02
-7.585420839442670626e+01  3.338590652226016005e+02
-7.596128644629226301e+01  3.337783687873941290e+02
-7.649576356953235745e+01  3.337216727849281028e+02
-7.676136788314140347e+01  3.337629684043634484e+02
-7.686319296910542676e+01  3.339444830111543752e+02
-7.699391001332698181e+01  3.341586787598792512e+02
-7.746276628988383095e+01  3.342465045362112619e+02
-7.754566823051763436e+01  3.342361820595101563e+02
-7.761588370177412344e+01  3.343070498507110528e+02
-7.763809520529252950e+01  3.343245573983879240e+02
-7.765853336664928008e+01  3.344145792968075739e+02
-7.766010020877398290e+01  3.343729622746143946e+02
-7.773994971444938074e+01  3.342549047575234340e+02
-7.785433738576240614e+01  3.343005458920135311e+02
-7.778267550931548158e+01  3.345197799019743456e+02
-7.765922454965934207e+01  3.344772913890121231e+02
-7.763197204287047271e+01  3.345285448438709750e+02
-7.782185473116214780e+01  3.345926878524367112e+02
-7.779631752411469847e+01  3.346193584130293175e+02
-7.791868673300628245e+01  3.346504273444649584e+02
-7.793162933629487554e+01  3.346489469969624224e+02
-7.797738084631465938e+01  3.346722081660728350e+02
-7.801469435999794655e+01  3.348156589766343814e+02
-7.797992415034882185e+01  3.350017706236982349e+02
-7.798733382590671681e+01  3.350931099005497344e+02
-7.797627997411100864e+01  3.349247674317913379e+02
-7.822345653072402172e+01  3.350746499717781717e+02
-7.814574091244188025e+01  3.350588573092722982e+02
-7.825599647896618194e+01  3.350733140716212688e+02
-7.825124881729328763e+01  3.349791374500062489e+02
-7.835948981049337192e+01  3.349662714680356999e+02
-7.833329162161297177e+01  3.349948463003117922e+02
-7.839885766083146734e+01  3.349945390645597172e+02
-7.825893386917337580e+01  3.350269362209498922e+02
-7.828852562101531021e+01  3.351176511293293743e+02
-7.833891528311370678e+01  3.351685900283034698e+02
-7.836219918817714358e+01  3.352497586834510912e+02
-7.840534004275414759e+01  3.352556839371883370e+02
-7.834252059637238119e+01  3.351982743325937690e+02
-7.819592984565194627e+01  3.349887372317431300e+02
-7.821155430888211413e+01  3.350113119418067527e+02
-7.819634326909213939e+01  3.350462689617752403e+02
-7.859058893448114702e+01  3.351778326428023433e+02
-7.885163594730178716e+01  3.348905533603519871e+02
-7.894946059003015648e+01  3.348411395578337988e+02
-7.888797301963249708e+01  3.345585389754589301e+02
-7.898099293947142030e+01  3.340747513565119675e+02
-7.905782746938741923e+01  3.338938955041562622e+02
-7.902800315436540757e+01  3.336207531869462173e+02
-7.908656179621478088e+01  3.335419638729457574e+02
-7.905794386188699718e+01  3.334717887175800115e+02
-7.933292344139499619e+01  3.331497779367161911e+02
-7.972150964933062767e+01  3.331452144559680164e+02
-7.990297693750777341e+01  3.332586140553244718e+02
-8.007829078740978446e+01  3.332613650843292703e+02
-8.015464304125870854e+01  3.333208695906467369e+02
-8.030466318091606581e+01  3.329904996140485309e+02
-8.022453303573205119e+01  3.330156138300231987e+02
-8.036436739826146436e+01  3.330879943640271676e+02
-8.073676155561105361e+01  3.331818091311244530e+02
-8.085973710196049069e+01  3.330318631703987080e+02
-8.091795505190962956e+01  3.329308428456411662e+02
-8.092248094655279544e+01  3.328370200301141608e+02
-8.076513617791101751e+01  3.326844844912671419e+02
-8.064733922182898596e+01  3.325587861801967051e+02
-8.080612986442244505e+01  3.323543330612430395e+02
-8.108459682856461370e+01  3.320756710043596627e+02
-8.104699530128208096e+01  3.318346099736792780e+02
-8.099354812480557086e+01  3.317129286850949939e+02
-8.121182380080311702e+01  3.317563888332464899e+02
-8.120886946177829202e+01  3.315022160596366803e+02
-8.124034281300436078e+01  3.312692367660951049e+02
-8.123680177759737830e+01  3.312027100342604058e+02
-8.122410467471935647e+01  3.311182339054635690e+02
-8.121862444978746964e+01  3.311753313080874932e+02
-8.136402248556460393e+01  3.310430839597240720e+02
-8.160146846242729168e+01  3.309871408220168973e+02
-8.175429453082202258e+01  3.308959759912202685e+02
-8.186690254400176059e+01  3.310197806631863955e+02
-8.195728934777500285e+01  3.310063812714688538e+02
-8.202450818572236813e+01  3.311662351104469053e+02
-8.201736254147954241e+01  3.312363985356260514e+02
-8.198765682826801537e+01  3.312761949467798672e+02
-8.202983886758971721e+01  3.314381778736200204e+02
-8.206833536474155721e+01  3.314809696454005348e+02
-8.211791953802084265e+01  3.315224736075077772e+02
-8.208270374292288807e+01  3.314801060799134120e+02
-8.224154404107207483e+01  3.315447495433508607e+02
-8.264621752204271843e+01  3.315542359676895217e+02
-8.256689099529364739e+01  3.315546190008349754e+02
-8.276163073249232127e+01  3.315870557852613842e+02
-8.296729219757028773e+01  3.316333042327053704e+02
-8.313960933156074873e+01  3.318116680994888839e+02
-8.318074888762097885e+01  3.317969758105722349e+02
-8.321824703590428385e+01  3.318653522778095635e+02
-8.347520164145457500e+01  3.317546952198222812e+02
-8.370329760036497646e+01  3.318749698894779954e+02
-8.393936211083382659e+01  3.317343856150399120e+02
-8.431684679854426179e+01  3.318199454264561155e+02
-8.455564789669092818e+01  3.318486293044242643e+02
-8.456133175936383850e+01  3.318772348031302499e+02
-8.454890263273323114e+01  3.318244568130706398e+02
-8.425689981787166971e+01  3.318586127942880353e+02
-8.433074626783466954e+01  3.320520238081527964e+02
-8.440381893237233157e+01  3.322256117949560803e+02
-8.426763489907804683e+01  3.324313015242301503e+02
-8.433271051619135505e+01  3.326074172972848828e+02
-8.435305940546980707e+01  3.327657755117589886e+02
-8.426891841313968712e+01  3.328899488435628768e+02
-8.424204111739203427e+01  3.329780418487023326e+02
-8.427408150920724950e+01  3.330875741832476820e+02
-8.442967787037513006e+01  3.330232450602558743e+02
-8.469696374972038200e+01  3.331780703984957768e+02
-8.465968172262478220e+01  3.332288254133140413e+02
-8.479905093128202509e+01  3.335131166923712271e+02
-8.494077929777880342e+01  3.337912375461332317e+02
-8.492169749092322206e+01  3.338111646972795938e+02
-8.496087335833593102e+01  3.338247695024725203e+02
-8.495475092364270608e+01  3.338504074778488189e+02
-8.511094128970876227e+01  3.340349656165330430e+02
-8.554360468434542497e+01  3.341293382249752426e+02
-8.572776227184587583e+01  3.342761936051659859e+02
-8.577443594475968780e+01  3.342929315312489962e+02
-8.603061888123464485e+01  3.345305856601916048e+02
-8.618499085796889858e+01  3.346708270503092990e+02
-8.625052839869972843e+01  3.348698611886645153e+02
-8.639435008861964604e+01  3.350029045856351786e+02
-8.648157089216375937e+01  3.350217242489975433e+02
-8.658871086763024039e+01  3.350529627664317331e+02
-8.669797250423708590e+01  3.351591014351996591e+02
-8.693556942192347492e+01  3.356616846716332248e+02
-8.710426870827912182e+01  3.355738602868449902e+02
-8.718767558202476664e+01  3.356799657064329949e+02
-8.738796028281051065e+01  3.357775597782718933e+02
-8.757909701457757023e+01  3.357304926370928797e+02
-8.757764432497860696e+01  3.357730101268679164e+02
-8.758948746435848420e+01  3.357798302772620787e+02
-8.766613516815873197e+01  3.359782304301189129e+02
-8.768274841734168490e+01  3.361371214643862686e+02
-8.781404179725274162e+01  3.363180049804918781e+02
-8.793189922000071590e+01  3.365250480404677091e+02
-8.811187169577667078e+01  3.367944084573234704e+02
-8.814142577916443599e+01  3.368006196459162425e+02
-8.832353259588798267e+01  3.370376999393935193e+02
-8.839594246693326340e+01  3.370017613479423630e+02
-8.853723965954056041e+01  3.371513105037787454e+02
-8.870528367683567694e+01  3.373046682445661304e+02
-8.866910756066941701e+01  3.372905938819531002e+02
-8.863229239199660014e+01  3.372863264045679443e+02
-8.834162501590748207e+01  3.373897613801923399e+02
-8.830267554967461763e+01  3.374050519745359225e+02
-8.837848395132800761e+01  3.373773856790333525e+02
-8.838627649998835523e+01  3.373358849317111208e+02
-8.841722674961826556e+01  3.372991456307601652e+02
-8.841904434985463013e+01  3.373307750271802661e+02
-8.852163290219191083e+01  3.372698862756639073e+02
-8.848080479933575759e+01  3.372125671054570262e+02
-8.841782207201227095e+01  3.370998325415482668e+02
-8.837343667792701751e+01  3.370542018233845170e+02
-8.831723771905757303e+01  3.370589988939998989e+02
-8.826393198914007598e+01  3.373038745561858605e+02
-8.819363838615970508e+01  3.373608888757829050e+02
-8.830926726821580530e+01  3.373864363383700606e+02
-8.802144577694804184e+01  3.375926812229349139e+02
-8.790560315913994316e+01  3.375210751806377516e+02
-8.780117651656794919e+01  3.374771442539012014e+02
-8.745983912629803569e+01  3.373941963098191081e+02
-8.731713149201463864e+01  3.373439863603517779e+02
-8.712347386782076342e+01  3.372530063983855371e+02
-8.679421669810066930e+01  3.372854146362324741e+02
-8.667382394956428016e+01  3.375314228847204276e+02
-8.643600210181200794e+01  3.376813295129149424e+02
-8.617714326477555176e+01  3.378005560020050666e+02
-8.621419515086857643e+01  3.377771539178764897e+02
-8.602371534535592446e+01  3.379995640376650385e+02
-8.591158150638572977e+01  3.380399431002543338e+02
-8.578861623783436130e+01  3.381644836877530906e+02
-8.559327001460646045e+01  3.381737556453103934e+02
-8.563445761581141369e+01  3.382015827497702958e+02
-8.561624024050377102e+01  3.381671018833587823e+02
-8.575810917985991466e+01  3.381083016021422623e+02
-8.585064283202326862e+01  3.379986053345406276e+02
-8.590475074391433452e+01  3.378907200615624902e+02
-8.597557223372326973e+01  3.375452122842277163e+02
-8.599646622644903005e+01  3.373094949263643798e+02
-8.592685648202763105e+01  3.370246936752796501e+02
-8.587459660554385721e+01  3.365878533064015414e+02
-8.580128229226043857e+01  3.365439716269719383e+02
-8.573043950662760437e+01  3.361504753250680437e+02
-8.573410737575598262e+01  3.359684596037084248e+02
-8.569168362284665363e+01  3.357461809522466183e+02
-8.579643609709962959e+01  3.357546065611318795e+02
-8.571414658230766292e+01  3.357241180234542526e+02
-8.565550122865386129e+01  3.355976802610853724e+02
-8.566480561086281398e+01  3.354645974236611323e+02
-8.573248613388042827e+01  3.354915411087543475e+02
-8.579952956811975184e+01  3.355873207129541811e+02
-8.603872317282575466e+01  3.354596961666599668e+02
-8.619979417041008674e+01  3.355767793801288121e+02
-8.653505623257953516e+01  3.359005054121390117e+02
-8.684663938788943938e+01  3.360734158630650086e+02
-8.689661109443170517e+01  3.359582808312130737e+02
-8.726480731739252406e+01  3.359055026823222079e+02
-8.739709968171210619e+01  3.358555796162238494e+02
-8.775250994823949213e+01  3.357646824878646044e+02
-8.792302314893269966e+01  3.356310960769919802e+02
-8.808572097401989254e+01  3.352659534687139171e+02
-8.840053497464749910e+01  3.350823812315495047e+02
-8.849727134027146747e+01  3.349450128528024493e+02
-8.862885308652596450e+01  3.348164688008508278e+02
-8.882080256072308089e+01  3.345303416228922515e+02
-8.886459480340386108e+01  3.345069065974132627e+02
-8.913889568787882922e+01  3.344305283867395815e+02
-8.922418397486732999e+01  3.345892648382711627e+02
-8.931052738347197817e+01  3.346479559376320481e+02
-8.937041664510719841e+01  3.348704096395857164e+02
-8.927969253792852555e+01  3.352313011459105496e+02
-8.938921390497165476e+01  3.353676555431865722e+02
-8.946172704963358058e+01  3.355783180887497679e+02
-8.967609712744989281e+01  3.356350824417652916e+02
-8.964801890851394717e+01  3.356616731570418324e+02
-8.972666294475317272e+01  3.358189708944179301e+02
-8.990480581826679440e+01  3.362801392030345937e+02
-8.984313369405222716e+01  3.361760499832322466e+02
-8.986211609795034860e+01  3.363819448791355740e+02
-8.986115214471112722e+01  3.364329393258602749e+02
-8.987454351179481193e+01  3.364051240923728301e+02
-9.000180049071379074e+01  3.365510794437060440e+02
-9.005616306155346251e+01  3.365837203157870476e+02
-9.020960459703245249e+01  3.367987881808222141e+02
-9.026143132421286452e+01  3.368303404413645126e+02
-9.023646196030250621e+01  3.368666188319931507e+02
-9.024594202353142691e+01  3.369728320960517749e+02
-9.028362794333369834e+01  3.374626107251718281e+02
-9.027164330759148925e+01  3.375785333908802386e+02
-9.015278215307205301e+01  3.376489432031515321e+02
-9.013782214108580604e+01  3.376205851428242681e+02
-8.986758581305704752e+01  3.381314417533731671e+02
-8.967220854748636327e+01  3.383408159196226848e+02
-8.957865902461121266e+01  3.384581493924016513e+02
-8.959742043676428125e+01  3.385602108121129845e+02
-8.959822646674170699e+01  3.386652102871852321e+02
-8.959165405950916750e+01  3.391152246017339849e+02
-8.976057230382423313e+01  3.398941800945141267e+02
-8.945601452418623012e+01  3.398840582526415801e+02
-8.941158638725801211e+01  3.400070801341715310e+02
-8.931797770307564122e+01  3.405050751578764334e+02
-8.926995024567052894e+01  3.408678419913487119e+02
-8.909690266715477946e+01  3.408944726064464703e+02
-8.902323338896029270e+01  3.409779038530674597e+02
-8.889720400511136233e+01  3.409321175723891884e+02
-8.880418998799514441e+01  3.410205606680938786e+02
-8.877205559941235435e+01  3.413617350378429478e+02
-8.888990117829455073e+01  3.414511904733796541e+02
-8.883664072695323455e+01  3.417519406164629459e+02
-8.882544340941751670e+01  3.417975561934256916e+02
-8.879316909047561523e+01  3.420050408345591109e+02
-8.876206849931159582e+01  3.424824662093222400e+02
-8.875029059449198598e+01  3.429114979687868754e+02
-8.864400752931584293e+01  3.430430673095960969e+02
-8.839892780884676426e+01  3.431772622221652114e+02
-8.827725995964581784e+01  3.433109265266655825e+02
-8.825632477313614288e+01  3.434450136161988780e+02
-8.820723242719162727e+01  3.434024521155279785e+02
-8.803100182122079786e+01  3.438576142070198784e+02
-8.790337187533808105e+01  3.439751390908327835e+02
-8.784941042812684486e+01  3.441704108504358146e+02
-8.777661378488031119e+01  3.443345780404492871e+02
-8.754085160034487956e+01  3.444899842092510767e+02
-8.746554677612616047e+01  3.445245046722410507e+02
-8.732391542063889744e+01  3.445213801600909846e+02
-8.725846618290167100e+01  3.445323965782275764e+02
-8.717993046411636726e+01  3.445693495240699349e+02
-8.707068317736616336e+01  3.447504387471418568e+02
-8.689654099733967030e+01  3.449844446510934972e+02
-8.685479306818854184e+01  3.451222010225942540e+02
-8.693249384780293099e+01  3.451238774914319265e+02
-8.698900897955509492e+01  3.452113160173394704e+02
-8.683443087557655815e+01  3.454106483294016243e+02
-8.677662868397305829e+01  3.456537282209000637e+02
-8.673699860862340927e+01  3.457967992060254687e+02
-8.677869182023910355e+01  3.459073046488632599e+02
-8.673389102188816935e+01  3.458939304974347237e+02
-8.661271162372507604e+01  3.457488582931978840e+02
-8.655736008367088630e+01  3.458604686843946752e+02
-8.646925256699796591e+01  3.458710533807629872e+02
-8.634968182795940095e+01  3.459063034681486783e+02
-8.627095273717125679e+01  3.458957098190317652e+02
-8.613892251754000995e+01  3.459926759355802233e+02
-8.603242986912528067e+01  3.460125611960729088e+02
-8.599843834624837768e+01  3.460947253656003113e+02
-8.594318771916741184e+01  3.463307297763663541e+02
-8.588712359815927755e+01  3.465465115851024507e+02
-8.572695573563561311e+01  3.467204731913052456e+02
-8.575264136283276173e+01  3.470026843284143183e+02
-8.571523587042619852e+01  3.471255226626616377e+02
-8.560788946014010037e+01  3.475366739745317659e+02
-8.557326855822387301e+01  3.476638930196120896e+02
-8.557761138072824281e+01  3.478867719616175123e+02
-8.557533964318707831e+01  3.479486774780017981e+02
-8.555206825011799765e+01  3.482160935685352001e+02
-8.554340559740529670e+01  3.483955011858917032e+02
-8.541726096684807601e+01  3.486276184467990902e+02
-8.547370559820573988e+01  3.485515176378539195e+02
-8.539224496311510393e+01  3.485945341571472227e+02
-8.526429993358505044e+01  3.488220147951232093e+02
-8.523229722547071674e+01  3.487951545005587377e+02
-8.512888834001920202e+01  3.488044482649326596e+02
-8.504633243989177060e+01  3.487035655159352814e+02
-8.498704078458607114e+01  3.486794973374827009e+02
-8.496434996480134316e+01  3.484076252131580418e+02
-8.483663223380827390e+01  3.485598861473345096e+02
-8.478907486116294479e+01  3.485585071439190870e+02
-8.465973325289868967e+01  3.485313840484163279e+02
-8.450288154991189060e+01  3.486514029035610065e+02
-8.444718094404969122e+01  3.487033976593951365e+02
-8.426908874212101352e+01  3.488679773611681867e+02
-8.430303966124810700e+01  3.488385556882575429e+02
-8.410792059314613311e+01  3.489509644503528421e+02
-8.396658288646507629e+01  3.489302754863776954e+02
-8.388223468549988127e+01  3.490184857547835691e+02
-8.370698567459915296e+01  3.489476448565675923e+02
-8.358103834472417759e+01  3.490852243264882873e+02
-8.336515746978420793e+01  3.492155066233387970e+02
-8.325120956348929724e+01  3.491748675672450872e+02
-8.312153034622940595e+01  3.492216711895132448e+02
-8.299112006986611334e+01  3.491297159978993250e+02
-8.287603850202343381e+01  3.491208136543651790e+02
-8.277008191202938292e+01  3.491121599752793827e+02
-8.252360396211487625e+01  3.490400778879822496e+02
-8.241150427298950376e+01  3.490598131742211194e+02
-8.234574705303718645e+01  3.489219534502454394e+02
-8.216083277458868395e+01  3.485999534866195404e+02
-8.219886101618018870e+01  3.484690609969891284e+02
-8.200561151130526127e+01  3.483655643832803435e+02
-8.190519620876210638e+01  3.483608950193479927e+02
-8.174831469744998458e+01  3.484782718560355192e+02
-8.168487637960562608e+01  3.483103353786772800e+02
-8.160489505545118050e+01  3.483564151773753110e+02
-8.125628450488899546e+01  3.482707990933384963e+02
-8.110097428100461059e+01  3.481170756987987147e+02
-8.102175872125268086e+01  3.480772465244392038e+02
-8.085520725839593581e+01  3.480473048424788090e+02
-8.054794943040772637e+01  3.479024294731468672e+02
-8.036442882441717472e+01  3.478517558158462748e+02
-8.005633850824288800e+01  3.477445272735079698e+02
-7.987985453936067870e+01  3.478021257413270746e+02
-7.968863881534846882e+01  3.478307677991776927e+02
-7.936027434804564962e+01  3.475919825969232306e+02
-7.917963903475988729e+01  3.475774367439264552e+02
-7.894161082567173082e+01  3.476603339749673296e+02
-7.888384823390082090e+01  3.476736947337515176e+02
-7.876431212951568739e+01  3.476604627496657258e+02
-7.875464194095773962e+01  3.476887388799344762e+02
-7.865221035200430322e+01  3.476646694687656804e+02
-7.860975769602771379e+01  3.476542838420693897e+02
-7.844940118395926731e+01  3.475968911152009468e+02
-7.802164993444272056e+01  3.475258368795912247e+02
-7.800845721704585856e+01  3.474116856217812028e+02
-7.804170445482320417e+01  3.473268220792543275e+02
-7.799131965183661919e+01  3.470914557940557188e+02
-7.788039468958571376e+01  3.471244829675190431e+02
-7.775395806239660601e+01  3.471037788428466797e+02
-7.767768813903336422e+01  3.468487789283863663e+02
-7.767843887683261528e+01  3.467834205331432713e+02
-7.767777070767976966e+01  3.466931114584354532e+02
-7.768093010046511893e+01  3.466013349355484934e+02
-7.768841323576950231e+01  3.463706669192864638e+02
-7.728386822712487003e+01  3.462123766308640143e+02
-7.719384334632340483e+01  3.461279988764101745e+02
-7.705764287153500902e+01  3.460048238538000192e+02
-7.697716351230896237e+01  3.459179928653438765e+02
-7.675515657713646078e+01  3.456685948238405217e+02
-7.684007358042298108e+01  3.457128308394731562e+02
-7.676595253018329856e+01  3.455827619300274023e+02
-7.665112748637935169e+01  3.455026372250189866e+02
-7.642412660046886685e+01  3.453271148710896910e+02
-7.629662101263191687e+01  3.452567648823062427e+02
-7.619781939852086339e+01  3.451329808633013840e+02
-7.615247875111025166e+01  3.450754956111996989e+02
-7.613026990997819610e+01  3.450102404586453986e+02
-7.596444438454867054e+01  3.448949859269241642e+02
-7.580618757004532426e+01  3.445798598910251940e+02
-7.556526083914606318e+01  3.443861623085132919e+02
-7.548503044429679676e+01  3.442207903191244327e+02
-7.536603971908233746e+01  3.441486969582457505e+02
-7.520140447341834999e+01  3.440106634001328985e+02
-7.520621736297533744e+01  3.439517813350089455e+02
-7.534509923295890133e+01  3.439784617826298359e+02
-7.537556097037345637e+01  3.440671896902313165e+02
-7.546273467121042700e+01  3.441523837094815690e+02
-7.564916425355647789e+01  3.441543992290813776e+02
-7.561826285012556070e+01  3.441010322124350864e+02
-7.555308258903255592e+01  3.440186582308647871e+02
-7.569195733228876577e+01  3.439851996345085468e+02
-7.566872595716172611e+01  3.440004907472555828e+02
-7.572202159329496851e+01  3.439925416377344050e+02
-7.575066737458257649e+01  3.439269036265374666e+02
-7.574914116256323382e+01  3.439952205449114899e+02
-7.572411273837323620e+01  3.439715933303074848e+02
-7.571006571458100609e+01  3.439664865761681654e+02
-7.571100785020537671e+01  3.439802139692516789e+02
-7.571263408190188215e+01  3.439708932011313891e+02
-7.567543092175579034e+01  3.439582416607955224e+02
-7.568657754639207269e+01  3.439429035116845625e+02
-7.566142716861065765e+01  3.439773747832932145e+02
-7.568123540555751561e+01  3.439811756438008388e+02
-7.566487228716484026e+01  3.439771813510154175e+02
-7.569407146950631216e+01  3.439904133661896708e+02
-7.566562159114695874e+01  3.439650240208105743e+02
-7.566445866188557545e+01  3.439730267356699187e+02
-7.570037124089397196e+01  3.439325513075412459e+02
-7.571712289409096286e+01  3.439987158100926194e+02
-7.569801297182807787e+01  3.439511036129476906e+02
-7.570274498346879000e+01  3.439983188426501783e+02
-7.567812453193835154e+01  3.439796707929674540e+02
-7.568020177524032022e+01  3.439804393078541693e+02
-7.565929772369160844e+01  3.439709191792025536e+02
-7.567585222927043276e+01  3.439812245390364183e+02
-7.566915481554933365e+01  3.439667957364582094e+02
-7.568925422473932940e+01  3.439476286188407244e+02
-7.571243464412550850e+01  3.439584587953480082e+02
-7.567014041269618474e+01  3.439730315815237418e+02
-7.568068026403337001e+01  3.439669808900190446e+02
-7.567362035685312094e+01  3.439632021408345963e+02
-7.567262484151451929e+01  3.439729991122363799e+02
-7.570040940057739931e+01  3.439493903116625120e+02
-7.568380936952728177e+01  3.439596755633346561e+02
-7.566515799872698267e+01  3.439605852236898613e+02
-7.567322143020599867e+01  3.439724906419602917e+02
-7.566941344495447197e+01  3.439646831422380160e+02
-7.567356036971631283e+01  3.439711954625885255e+02
-7.567496920631919011e+01  3.439706560742509964e+02
-7.566882967982590458e+01  3.439742435480636118e+02
-7.568499352746138698e+01  3.439755728652918378e+02
-7.567054445108070126e+01  3.439563384758340021e+02
-7.570396950309475415e+01  3.439521403179720096e+02
-7.567431071102463136e+01  3.439755756030179441e+02
-7.567047410512752492e+01  3.439732457092574123e+02
-7.567008412578140053e+01  3.439744428992565304e+02
-7.568061180780325969e+01  3.439753585837482888e+02
-7.567309518410777969e+01  3.439736141872742792e+02
-7.566814805953970335e+01  3.439719248695922147e+02
-7.567692644376236899e+01  3.439693460641616412e+02
-7.567073260887390518e+01  3.439559003803992141e+02
-7.567209274911537875e+01  3.439721688958116488e+02
-7.567591916032623089e+01  3.439759152936298392e+02
-7.566948667196275835e+01  3.439603452548361133e+02
-7.567438219538706790e+01  3.439759970211900963e+02
-7.567478452362914254e+01  3.439724758806277123e+02
-7.567407492340520037e+01  3.439715061077602627e+02
-7.567477215291791026e+01  3.439715071697308417e+02
-7.567440662802310669e+01  3.439720731061819947e+02
-7.567432759777157969e+01  3.439729504754026266e+02
-7.566995241227702707e+01  3.439684967978641339e+02
-7.567513647238504859e+01  3.439731070952361165e+02
-7.567357880462081710e+01  3.439652122131871579e+02
-7.567671397285008084e+01  3.439696364835261875e+02
-7.567497903211177857e+01  3.439700832600805711e+02
-7.567667903944122543e+01  3.439738720250269921e+02
-7.567128851110982168e+01  3.439707668818455772e+02
-7.566846051470764678e+01  3.439613743842346025e+02
-7.567333451912226394e+01  3.439697918945425954e+02
-7.567316588614279738e+01  3.439717274459953273e+02
-7.566973104223868063e+01  3.439778685825364732e+02
-7.567580392952950774e+01  3.439725355445646642e+02
-7.567342511430494767e+01  3.439727560025369257e+02
-7.567445467659771907e+01  3.439704553987097029e+02
-7.567524123432508532e+01  3.439721786776096337e+02
-7.567258151412248424e+01  3.439717750101216893e+02
-7.567291923365266371e+01  3.439711800682332523e+02
-7.567184027124424972e+01  3.439713974963649434e+02
-7.567652177268274727e+01  3.439735804412074458e+02
-7.567582418396635546e+01  3.439738809168169951e+02
-7.567660536842130625e+01  3.439734046901575084e+02
-7.567620222011599651e+01  3.439722972470516993e+02
-7.567558815168786168e+01  3.439724901850835295e+02
-7.567417257593187685e+01  3.439700123995340846e+02
-7.567288869018790365e+01  3.439726799530461108e+02
-7.567307075276980299e+01  3.439736489671964819e+02
-7.567622939075458532e+01  3.439734806457204286e+02
-7.567218284578368070e+01  3.439713230860157864e+02
-7.567217602235169238e+01  3.439713235312348161e+02
-7.567282878860832795e+01  3.439725988554273499e+02
-7.567603521961753188e+01  3.439724978540601228e+02
-7.567036129397330058e+01  3.439758993398787084e+02
-7.567281454531328677e+01  3.439688933523055994e+02
-7.567636408405496695e+01  3.439722009110923864e+02
-7.567184573533187120e+01  3.439711855755531928e+02
-7.567540978403826557e+01  3.439728753353188040e+02
-7.567421915592659332e+01  3.439715742969874555e+02
-7.566869001760514379e+01  3.439756679760902784e+02
-7.567474214175454961e+01  3.439696250403677027e+02
-7.567280848741998511e+01  3.439745595500720583e+02
-7.567175782747413848e+01  3.439710993609427874e+02
-7.567293185307511294e+01  3.439750175040440467e+02
-7.567051327927347870e+01  3.439761005228574504e+02
-7.567163614141711037e+01  3.439696028715576972e+02
-7.567391871283008697e+01  3.439721656887949734e+02
-7.567607308835532365e+01  3.439725807928671770e+02
-7.567221405496921705e+01  3.439708815514979960e+02
-7.567387127186817963e+01  3.439741767681607598e+02
-7.567356288395332342e+01  3.439727542407491114e+02
-7.567361739625343375e+01  3.439726453827793193e+02
-7.567344978029282743e+01  3.439738758900939501e+02
-7.567059099818462187e+01  3.439754294686338199e+02
-7.567234621687913432e+01  3.439706077079448505e+02
-7.567377232566225587e+01  3.439723087053273503e+02
-7.567068887781239539e+01  3.439673263071380802e+02
-7.567117670733718171e+01  3.439755711573645272e+02
-7.567022550684023940e+01  3.439763297688185162e+02
-7.567271536297853629e+01  3.439718758234019447e+02
-7.567043946581436842e+01  3.439693944268748851e+02
-7.567378354141304442e+01  3.439725766287049851e+02
-7.567591693041782719e+01  3.439735644326488000e+02
-7.567038160715462425e+01  3.439751326670512981e+02
-7.567450006715785094e+01  3.439716908809988922e+02
-7.567177369652030450e+01  3.439717003894600111e+02
-7.567008880867955156e+01  3.439755962626579731e+02
-7.567137687188450457e+01  3.439709421486735437e+02
-7.567237812766947513e+01  3.439721651145389956e+02
-7.567006556766141046e+01  3.439758970298652230e+02
-7.566845229413625873e+01  3.439749690901552412e+02
-7.567270320834148833e+01  3.439736840522978696e+02
-7.567107205111236112e+01  3.439722378474605762e+02
-7.567305629982431014e+01  3.439705453861353703e+02
-7.567175003283540491e+01  3.439715599855690584e+02
-7.567167039364922232e+01  3.439733970797088318e+02
-7.567191409733702301e+01  3.439722593791304348e+02
-7.567224528549672868e+01  3.439743416467549082e+02
-7.567310061241556696e+01  3.439724374237027860e+02
-7.567188680695075220e+01  3.439760031243179128e+02
-7.567601232811789203e+01  3.439718038618446485e+02
-7.566943608885806327e+01  3.439749963013880460e+02
-7.567332507957863186e+01  3.439718951772804303e+02
-7.567173845617914196e+01  3.439694353737703523e+02
-7.567312724599371165e+01  3.439736521463192958e+02
-7.567629837030328588e+01  3.439738694748936041e+02
-7.566685697353968010e+01  3.439726962935282586e+02
-7.567367379516058179e+01  3.439727447677860255e+02
-7.567221456472432806e+01  3.439765531175871160e+02
-7.566918725774533527e+01  3.439731348943924445e+02
-7.567350868898330418e+01  3.439731254974521448e+02
-7.567267925880668145e+01  3.439726604396782363e+02
-7.567394642931796511e+01  3.439735233857387584e+02
-7.567213262435228671e+01  3.439710505989336298e+02
-7.567321178938249204e+01  3.439746718912551273e+02
-7.567218559434452629e+01  3.439740497334606175e+02
-7.567313558218333469e+01  3.439707059489316521e+02
-7.567511604275175330e+01  3.439729506664170913e+02
-7.566986400952445990e+01  3.439723069693702655e+02
-7.567176957940165494e+01  3.439733415812758039e+02
-7.567186847568213182e+01  3.439727177391406485e+02
-7.566855796167160975e+01  3.439745991935848224e+02
-7.566914088401192373e+01  3.439758067928050309e+02
-7.567064274139875124e+01  3.439748884171839904e+02
-7.567222190047304764e+01  3.439724034847277494e+02
-7.567023367473605333e+01  3.439692622300925677e+02
-7.566903967018673427e+01  3.439745739191253051e+02
-7.567058871002279830e+01  3.439730918549607281e+02
-7.567418835350018469e+01  3.439707521749098191e+02
-7.567511515370256348e+01  3.439724529538431739e+02
-7.567313551196404831e+01  3.439721564322657628e+02
-7.566979943957400678e+01  3.439718648299505617e+02
-7.567198825992333866e+01  3.439717631751175873e+02
-7.567202261537286745e+01  3.439747477686663615e+02
-7.566989912500601179e+01  3.439709570269571373e+02
-7.567293549188646296e+01  3.439723930913782510e+02
-7.567433864038770253e+01  3.439719018461513542e+02
-7.567314577938684295e+01  3.439715391154391000e+02
-7.567379659169679940e+01  3.439732921605933029e+02
-7.567277058979678372e+01  3.439728833867758908e+02
-7.567299583798629214e+01  3.439760274669051228e+02
-7.567073992292677076e+01  3.439754812595251110e+02
-7.566957208580319616e+01  3.439745923760389701e+02
-7.566987144721339575e+01  3.439741534725779388e+02
-7.566982826262270123e+01  3.439750359984925581e+02
-7.567337254323304307e+01  3.439746033361923878e+02
-7.566871219039947505e+01  3.439742907057570278e+02
-7.567036155986984625e+01  3.439767073077734949e+02
-7.567195430404552781e+01  3.439745220413996663e+02
-7.567562134300403898e+01  3.439729737171554689e+02
-7.567070308531344836e+01  3.439696344523811717e+02
-7.567025439707099110e+01  3.439759817844811209e+02
-7.567388469538758500e+01  3.439714322227580965e+02
-7.567048750775430221e+01  3.439735989944028347e+02
-7.567044618742457374e+01  3.439747902548764955e+02
-7.567207756368608784e+01  3.439745877284740345e+02
-7.566882067952234081e+01  3.439739255011332943e+02
-7.567350837572882938e+01  3.439722966727364337e+02
-7.566848361079291863e+01  3.439749954323143584e+02
-7.566860316838513256e+01  3.439740806750075421e+02
-7.567344749636488643e+01  3.439730515519781306e+02
-7.567217146724580346e+01  3.439720921014215946e+02
-7.567162957607303042e+01  3.439707174958107316e+02
-7.567376535557669115e+01  3.439737686630896292e+02
-7.567335080054240848e+01  3.439739875074045585e+02
-7.566808227088685612e+01  3.439725778732771460e+02
-7.567351649103757438e+01  3.439749412034667557e+02
-7.566932108525435297e+01  3.439758422517004419e+02
-7.566850069945739676e+01  3.439738200769799050e+02
-7.566882381628778376e+01  3.439747954755625869e+02
-7.566825815426575730e+01  3.439727666318621573e+02
-7.567362373914909313e+01  3.439737577272059070e+02
-7.567308605822618972e+01  3.439742568377037628e+02
-7.566834879006361803e+01  3.439745411578093126e+02
-7.566888545744936323e+01  3.439745662943416846e+02
-7.567249835502316557e+01  3.439722466215018812e+02
-7.567431736156298427e+01  3.439700096396265394e+02
-7.567227394057391621e+01  3.439724077577483285e+02
-7.567203411685791536e+01  3.439733794545314822e+02
-7.567167749296689294e+01  3.439717275298914387e+02
-7.567147732556895789e+01  3.439729832524266726e+02
-7.567274131157935813e+01  3.439718337454968946e+02
-7.566932837551853197e+01  3.439720679412752133e+02
-7.567152174905996276e+01  3.439728191048488384e+02
-7.567273850947698577e+01  3.439735294936132846e+02
-7.567383851355000957e+01  3.439731543647511103e+02
-7.566895148855040532e+01  3.439735339212228951e+02
-7.567085937174303467e+01  3.439730129124358200e+02
-7.567234811555832152e+01  3.439719657795916987e+02
-7.566864758717986206e+01  3.439754062216575790e+02
-7.567329455167930519e+01  3.439704546462336339e+02
-7.567320077801913669e+01  3.439738549254553845e+02
-7.566824665491856194e+01  3.439725303243151302e+02
-7.567183604455603074e+01  3.439718700527336068e+02
-7.567171200402049180e+01  3.439726166856856366e+02
-7.567164715492995697e+01  3.439721956651072219e+02
-7.567247432065605039e+01  3.439730139583261348e+02
-7.567463923881811638e+01  3.439705711619775457e+02
-7.567410078159170439e+01  3.439718860465207513e+02
-7.566903143411128951e+01  3.439745226237449742e+02
-7.566751653959779844e+01  3.439744429436212272e+02
-7.566807604998170689e+01  3.439741324439286245e+02
-7.566916896452052299e+01  3.439744291065135826e+02
-7.566798304716672874e+01  3.439737725629299234e+02
-7.567276456546827035e+01  3.439710926145365875e+02
-7.566960449647115183e+01  3.439749743785081932e+02
-7.567246106184165910e+01  3.439728534225295107e+02
-7.567063173259383291e+01  3.439734195784101303e+02
-7.566917496619866768e+01  3.439733338522402732e+02
-7.551962338342583791e+01  3.438104237202812783e+02
-7.546865241661980406e+01  3.438191930318120626e+02
-7.564993907816902663e+01  3.439198514378622349e+02
-7.581007737213376174e+01  3.439370605365612619e+02
-7.586983418646582322e+01  3.439482005960402944e+02
-7.567936694744194881e+01  3.439703639141399663e+02
-7.575479148065909385e+01  3.440665073968825141e+02
-7.568422600514841747e+01  3.439842000904081942e+02
-7.560019959474963969e+01  3.439014685205626165e+02
-7.537715230389189003e+01  3.437173732863832925e+02
-7.535243173192796462e+01  3.437459981384131424e+02
-7.552482670229019845e+01  3.438007309068254926e+02
-7.546647065195507764e+01  3.438172643020549231e+02
-7.541519509673511834e+01  3.436622468629760760e+02
-7.565050463244021728e+01  3.437325473612603446e+02
-7.588497796432383780e+01  3.435535347887805528e+02
-7.604011996391604100e+01  3.432618661466538583e+02
-7.597715928416994302e+01  3.432594135765414194e+02
-7.600786867142592484e+01  3.431322637033336491e+02
-7.609770990887395214e+01  3.429835976731533265e+02
-7.616172242817009419e+01  3.426478012362109666e+02
-7.619428751149594348e+01  3.424438233893826578e+02
-7.624412088762166206e+01  3.423359135604653716e+02
-7.616367243990694647e+01  3.418501631709285107e+02
-7.597324385882446052e+01  3.417206822676544675e+02
-7.598999576272542811e+01  3.416075160241783237e+02
-7.584471538072060071e+01  3.411427451171998086e+02
-7.585992048077666539e+01  3.409979677416681056e+02
-7.575788013906586116e+01  3.406263526888992601e+02
-7.571515678527062221e+01  3.404205381819581362e+02
-7.569626048063037160e+01  3.404295474368466330e+02
-7.582165646664981296e+01  3.399318658341121591e+02
-7.573608528677704044e+01  3.397463546283987057e+02
-7.573368568960805192e+01  3.395474985811906663e+02
-7.571061428447261221e+01  3.395420061941325116e+02
-7.526022787414042625e+01  3.390173404364484782e+02
-7.519777535219735398e+01  3.386574097463375210e+02
-7.492282901748555446e+01  3.384725929056061773e+02
-7.488827611919155913e+01  3.382585650579724188e+02
-7.488675274501947854e+01  3.381217710636078095e+02
-7.479641170078107848e+01  3.380094489345684678e+02
-7.467506091752440511e+01  3.378194538215378202e+02
-7.448913442852008870e+01  3.377839116304868412e+02
-7.444224980256652202e+01  3.373461487134819663e+02
-7.431230071685766347e+01  3.373666740603272842e+02
-7.399320224421678915e+01  3.371665130082511155e+02
-7.391811463101362278e+01  3.371988844031629924e+02
-7.391751614462981479e+01  3.372682291919744557e+02
-7.393752266618913893e+01  3.372132472612527749e+02
-7.398089685056575604e+01  3.371501472024793884e+02
-7.375036966336884348e+01  3.372116935539756355e+02
-7.368613821643660344e+01  3.370730822637892174e+02
-7.347493942400015499e+01  3.370313261721789786e+02
-7.332761794620562057e+01  3.368662830445614418e+02
-7.302939049693726759e+01  3.368298887581545955e+02
-7.264799401900882003e+01  3.366933372696817059e+02
-7.245674504746490641e+01  3.367023412907279294e+02
-7.240219849732005741e+01  3.367296988056963301e+02
-7.244823755761251505e+01  3.368404553780125070e+02
-7.258809267172271973e+01  3.368381101412276166e+02
-7.285952020443740196e+01  3.370227486571181998e+02
-7.304247689922301845e+01  3.370233717154976603e+02
-7.308725931829386013e+01  3.370213045987988494e+02
-7.315590864001157456e+01  3.371429942012580341e+02
-7.331868031200411906e+01  3.372499549529958358e+02
-7.338222306323402222e+01  3.373906207910393960e+02
-7.342805651500199815e+01  3.374052562797777455e+02
-7.375830018364756313e+01  3.375610416404427383e+02
-7.395935224262251495e+01  3.376392029718477943e+02
-7.429876578645213669e+01  3.377416969425930802e+02
-7.440864898295751573e+01  3.377722206713196442e+02
-7.448092649986362801e+01  3.378194232222543860e+02
-7.460396118457686043e+01  3.373610308982000561e+02
-7.487436451471285181e+01  3.376765344723839348e+02
-7.516009512118236557e+01  3.375138549155410033e+02
-7.531505045597042169e+01  3.375923452128597546e+02
-7.535629977334617990e+01  3.374958226213204284e+02
-7.590276726350784031e+01  3.375019620131546958e+02
-7.608358863093957325e+01  3.375134624430344843e+02
-7.634926876478054680e+01  3.373792551599163403e+02
-7.656021997483016150e+01  3.373234619006187813e+02
-7.667617123299675086e+01  3.373587707970769998e+02
-7.678065100833858025e+01  3.373553385561835398e+02
-7.699274381032945769e+01  3.373691843006999420e+02
-7.718986093084400579e+01  3.374872082677414937e+02
-7.737275269155387036e+01  3.375023740584794041e+02
-7.776701429471820859e+01  3.376568744470608863e+02
-7.795847836473112125e+01  3.377566235556917604e+02
-7.800494429777296546e+01  3.378022082306977723e+02
-7.846422324376605673e+01  3.378157206708040690e+02
-7.852687393612266931e+01  3.377510717522311552e+02
-7.867297756010304965e+01  3.377243342860753614e+02
-7.874219390869654944e+01  3.378706431926576101e+02
-7.896699255014279117e+01  3.378075059352747758e+02
-7.925340040160344302e+01  3.378398498892109956e+02
-7.946591660024652981e+01  3.378474873852121618e+02
-7.960277461376787755e+01  3.377856973458467564e+02
-7.967047811401153012e+01  3.377618752482174500e+02
-8.000590413837514348e+01  3.377441078117081474e+02
-8.026828424036976628e+01  3.376474777921030750e+02
-8.045805440476672743e+01  3.376037741012364677e+02
-8.067725076543220553e+01  3.375732510426667545e+02
-8.078409868716408937e+01  3.374737075094701595e+02
-8.099319878978876375e+01  3.373743045915425114e+02
-8.111058727623182563e+01  3.373267249788033268e+02
-8.132810735008158076e+01  3.372737718510715013e+02
-8.142501874865654088e+01  3.372233903480777713e+02
-8.139544828794099374e+01  3.373099862798827644e+02
-8.130661107718246683e+01  3.376617557447837612e+02
-8.131984994519967813e+01  3.378197071430760161e+02
-8.131922040664889550e+01  3.380958661693387057e+02
-8.134108718876755972e+01  3.384408273831776910e+02
-8.144397164699405778e+01  3.386068883178879219e+02
-8.158661356300045497e+01  3.387615120224778593e+02
-8.171417571552620984e+01  3.389928036574575003e+02
-8.187298963914550143e+01  3.392405907188830270e+02
-8.197705864928229857e+01  3.396051558529215413e+02
-8.228443768302214778e+01  3.396852511835851374e+02
-8.227093178340493296e+01  3.398703859161766445e+02
-8.239531436609938453e+01  3.400082750828871099e+02
-8.248732644923931900e+01  3.401371185630938498e+02
-8.259795382359395433e+01  3.404646174983540732e+02
-8.262578430885564273e+01  3.405235768915137555e+02
-8.261198115756197069e+01  3.407647598647607197e+02
-8.263754657655442770e+01  3.409700221181665256e+02
-8.258018912155262115e+01  3.411218181752625469e+02
-8.275787160375556084e+01  3.412183672445472666e+02
-8.290798930378140597e+01  3.415091595786936978e+02
-8.296276054714667225e+01  3.416017130386246095e+02
-8.296854923255770586e+01  3.415370829944137085e+02
-8.289334362500821385e+01  3.419039297556943779e+02
-8.290451184985082023e+01  3.419100392521964977e+02
-8.288639574891492146e+01  3.420922448482285176e+02
-8.284378678237158056e+01  3.422314308982394095e+02
-8.271214141398978370e+01  3.423616127828759090e+02
-8.260233247022014780e+01  3.425735591048882043e+02
-8.259795219041568259e+01  3.427222003325945821e+02
-8.272545211610932370e+01  3.428521606805057331e+02
-8.272984881615080610e+01  3.429627991403132228e+02
-8.271201812221228522e+01  3.430748982905420235e+02
-8.280145015431662614e+01  3.434039570470004605e+02
-8.278824552986124274e+01  3.434256961178398910e+02
-8.278139783161648779e+01  3.435502130483610586e+02
-8.282554974734163977e+01  3.438310902407361596e+02
-8.284872704627818507e+01  3.441764854156900810e+02
-8.260180509682768957e+01  3.445355534225876681e+02
-8.268676862164224417e+01  3.446133566508077593e+02
-8.278831864390276962e+01  3.449871207830001936e+02
-8.287040619193594182e+01  3.451659028630595571e+02
-8.290022794403911632e+01  3.453840989288483456e+02
-8.284125643832591379e+01  3.458088776242339009e+02
-8.269632483205785434e+01  3.459403811744987820e+02
-8.278109707546715867e+01  3.459840421114811306e+02
-8.273919662695334409e+01  3.461489656934016352e+02
-8.271195864733572023e+01  3.461519920839782571e+02
-8.250157851648768315e+01  3.460776310259560660e+02
-8.233789264866703661e+01  3.461487773700805519e+02
-8.202654498266142014e+01  3.461977693430579848e+02
-8.194316040390989997e+01  3.461326097766973362e+02
-8.165797888231128354e+01  3.461346594176482654e+02
-8.167346938917062005e+01  3.461635656260824589e+02
-8.156101288673647787e+01  3.463084429166361247e+02
-8.152327592829271907e+01  3.464575847440052598e+02
-8.121297483430295472e+01  3.466665612374582679e+02
-8.109191882083067071e+01  3.468392525407282392e+02
-8.111832250997294125e+01  3.470271178542848247e+02
-8.104159069598007648e+01  3.471178746765664869e+02
-8.104110501653562437e+01  3.472101597382306295e+02
-8.087667634170726672e+01  3.474399438618891054e+02
-8.072793404091733294e+01  3.476662245629822792e+02
-8.063106294264889584e+01  3.478566702476279033e+02
-8.049125264443220829e+01  3.479368020569052646e+02
-8.029071126939142289e+01  3.482993445634509158e+02
-8.000399245518883617e+01  3.484503533527894206e+02
-7.980944348813297040e+01  3.485160485480612351e+02
-7.978399420315707857e+01  3.484288809253930026e+02
-7.977451625931256274e+01  3.485019917261955698e+02
-7.974236473465310837e+01  3.485880363400989381e+02
-7.971944504573440327e+01  3.486724984048020133e+02
-7.958101489364570114e+01  3.487863268801459071e+02
-7.956104746312919929e+01  3.488544629249398668e+02
-7.955347490700420110e+01  3.488751987818559996e+02
-7.958304636760246353e+01  3.488924551510504557e+02
-7.948571230974077650e+01  3.489142220404191903e+02
-7.941953492784661250e+01  3.488924171144834645e+02
-7.921315438509395790e+01  3.489440588242932222e+02
-7.905799242666955706e+01  3.489026809646204583e+02
-7.903795002031425554e+01  3.489179789614536844e+02
-7.888417838008022898e+01  3.488810700820372404e+02
-7.874913478416738144e+01  3.488417970315310868e+02
-7.843614593577858329e+01  3.487906035200842894e+02
-7.828708399184300504e+01  3.487454627032051349e+02
-7.812306851760232007e+01  3.487538516184035871e+02
-7.799714283313936392e+01  3.486550318669383728e+02
-7.792369494140055508e+01  3.485906772687141597e+02
-7.790533357319777963e+01  3.485621890681542823e+02
-7.772469074151608481e+01  3.487455231191341340e+02
-7.750486944813262369e+01  3.488750743016014439e+02
-7.728675943538014792e+01  3.489004562507967648e+02
-7.695268877945157726e+01  3.489804474828146681e+02
-7.681656333474990106e+01  3.489774792150869871e+02
-7.679052074087431379e+01  3.489680558951129115e+02
-7.686171616864584166e+01  3.490668427470573079e+02
-7.704910075943017489e+01  3.490992031503103021e+02
-7.668101393360328188e+01  3.493070602778406624e+02
-7.648806772793003006e+01  3.495204629699262000e+02
-7.649767165312391626e+01  3.495112890506531471e+02
-7.606812830177732110e+01  3.496408580391288297e+02
-7.598156129784435109e+01  3.497195758408740289e+02
-7.575954462392206779e+01  3.499118801002485952e+02
-7.563627223762080121e+01  3.501994026124951347e+02
-7.545828837996350558e+01  3.503734634215827555e+02
-7.547159758895389814e+01  3.505170162441567641e+02
-7.544251907330699680e+01  3.506784822542396682e+02
-7.542297959501523508e+01  3.507537149893371975e+02
-7.523143373461680028e+01  3.508278617460493365e+02
-7.505352853232065513e+01  3.508312773814134289e+02
-7.507007870155639750e+01  3.508789175360270178e+02
-7.494649171273300681e+01  3.510645989026600660e+02
-7.474231536418383826e+01  3.512350706293598819e+02
-7.458534421816172255e+01  3.514363128323353180e+02
-7.459532867156541158e+01  3.514746745383413895e+02
-7.453597656620289058e+01  3.514991117373843963e+02
-7.451359657301915718e+01  3.514878923561660145e+02
-7.444311417442330026e+01  3.515251465667741400e+02
-7.429018824722025727e+01  3.515537100969007724e+02
-7.422844724391603677e+01  3.516493737899759822e+02
-7.415767049302655778e+01  3.516665846747817454e+02
-7.399309937633891820e+01  3.516857719292418665e+02
-7.395413449036199438e+01  3.516886195375325315e+02
-7.393828695727414413e+01  3.516843870445414950e+02
-7.359699313463607950e+01  3.517778106251680015e+02
-7.344487993677043391e+01  3.518635955436186578e+02
-7.314589975225052854e+01  3.519395737938767184e+02
-7.278737226522368076e+01  3.521386749949228943e+02
-7.259337360903732872e+01  3.522573497270961980e+02
-7.234422336218426608e+01  3.524309707338141493e+02
-7.211276158017446392e+01  3.525321556232925673e+02
-7.196341081930505368e+01  3.526428272440327305e+02
-7.187713396980745983e+01  3.527612819275728384e+02
-7.181580500437839021e+01  3.527678781323888302e+02
-7.174085584787918890e+01  3.528041197525550956e+02
-7.176374920186751183e+01  3.527895576566930345e+02
-7.174196199043339561e+01  3.528179855840936625e+02
-7.159332599623272131e+01  3.528884811912372470e+02
-7.132150756145534842e+01  3.530984130683665967e+02
-7.109243221437168359e+01  3.532378264334861342e+02
-7.092009530943961693e+01  3.532081027992774125e+02
-7.082420543395430457e+01  3.533442357422288183e+02
-7.060335353653864843e+01  3.533889781291342160e+02
-7.031805008126636380e+01  3.534868181213604998e+02
-7.019358955766713848e+01  3.535842906308664055e+02
-7.008933295340013103e+01  3.536240595702033147e+02
-6.981296344873078397e+01  3.537314924885875485e+02
-6.943085567147693382e+01  3.539788140346217347e+02
-6.920261446641177372e+01  3.540276488980126146e+02
-6.922005309779862614e+01  3.540774522911005988e+02
-6.917029321764404415e+01  3.541185644725362636e+02
-6.922455985330094563e+01  3.543157924357985280e+02
-6.901155213055442061e+01  3.546934311288297863e+02
-6.884593116193933326e+01  3.547731689916830078e+02
-6.885119038862582386e+01  3.548007489588741237e+02
-6.869086509390602657e+01  3.548764758264750299e+02
-6.853207200610756900e+01  3.549937210894740929e+02
-6.831200853403379369e+01  3.551827992447101678e+02
-6.806542950905122780e+01  3.554344339867209328e+02
-6.794591521940905920e+01  3.555576740600038192e+02
-6.786445754919384399e+01  3.556235566888206563e+02
-6.771900545259725845e+01  3.557495599857690536e+02
-6.743520969660288245e+01  3.559304188604866113e+02
-6.718216584839613859e+01  3.562626373386909790e+02
-6.710163441025626696e+01  3.563242712373294694e+02
-6.703710290510635161e+01  3.563957065580371477e+02
-6.703190420586047082e+01  3.563967178886750276e+02
-6.704051332014856257e+01  3.564015773912721556e+02
-6.686522833083597561e+01  3.565570615530893974e+02
-6.664833972780991189e+01  3.566159490211452407e+02
-6.636323350858646108e+01  3.567605944128980013e+02
-6.640128833827505161e+01  3.567178279870317397e+02
-6.614723891441855130e+01  3.569099005259373598e+02
-6.627028176061253362e+01  3.568240540983808273e+02
-6.619362438442001917e+01  3.568651760598071405e+02
-6.618118413836748459e+01  3.569077980279081430e+02
-6.603953264547702418e+01  3.570732894982922971e+02
-6.600167446319699138e+01  3.571981075573938256e+02
-6.599919149663793405e+01  3.572268222462856784e+02
-6.600142426173354693e+01  3.572071527465560052e+02
-6.610082768071859505e+01  3.574542021212166105e+02
-6.596090959996607239e+01  3.575892280196725324e+02
-6.600669028229646074e+01  3.576447641507399453e+02
-6.597645166457736821e+01  3.576780763002580557e+02
-6.589628703740157789e+01  3.578491629850771005e+02
-6.599418739852092131e+01  3.582495332577906311e+02
-6.588345213431689729e+01  3.584878420482039019e+02
-6.588952868305581489e+01  3.587351968847053740e+02
-6.618543310462824536e+01  3.589381672304569406e+02
-6.626204377852924665e+01  3.591837198507514586e+02
-6.632060939698808966e+01  3.592402624496286307e+02
-6.621864261771077054e+01  3.596888283877493109e+02
-6.631013855273432966e+01  3.597979640717906591e+02
-6.632414193530776458e+01  3.599470841228449558e+02
-6.641911437262673701e+01  3.602463586232312878e+02
-6.648342247671915572e+01  3.604422612655930607e+02
-6.660403178698875593e+01  3.605721567388847006e+02
-6.654087658952501272e+01  3.606680937333110819e+02
-6.671966010698712068e+01  3.610998272307390948e+02
-6.675440082611743264e+01  3.611394218842809209e+02
-6.676236661079488499e+01  3.611099818765345617e+02
-6.676662794645005761e+01  3.610612072927712006e+02
-6.678817134108427922e+01  3.610206537857750391e+02
-6.690184982624469967e+01  3.608097887447742096e+02
-6.702824066657831281e+01  3.606840786231439893e+02
-6.695818798740123157e+01  3.608333367551061315e+02
-6.707118793774802157e+01  3.610293544896223352e+02
-6.722585565893174930e+01  3.611166555046368103e+02
-6.732883583520523985e+01  3.612309652436062493e+02
-6.758577834759171310e+01  3.614146652078085822e+02
-6.778082828805938220e+01  3.614693182619362233e+02
-6.794640247399892985e+01  3.615150314236445297e+02
-6.822280890795995845e+01  3.616137978786498479e+02
-6.841337212927814448e+01  3.617795160543396378e+02
-6.857693136175652171e+01  3.618587270980888206e+02
-6.864717299565727160e+01  3.617955420312435422e+02
-6.868713911597482991e+01  3.617351248281253788e+02
-6.876800897375460409e+01  3.615547247979793610e+02
-6.867917088578340667e+01  3.616059313335850334e+02
-6.901055186252976625e+01  3.616568612382854440e+02
-6.916422817841235826e+01  3.617214542808384863e+02
-6.923441732593737186e+01  3.618156211871988717e+02
-6.939353503138305257e+01  3.619260350377724080e+02
-6.946168018114885001e+01  3.619468016658926217e+02
-6.967396865202211131e+01  3.620247254547262514e+02
-6.983545765122623550e+01  3.622668743038738626e+02
-6.991455202403857072e+01  3.622078845535033906e+02
-7.016597049928319052e+01  3.622480826136962264e+02
-7.008596380184337704e+01  3.624806942073418554e+02
-7.041461135183108411e+01  3.626626421274158929e+02
-7.043365310485246766e+01  3.626410130342454750e+02
-7.051911953318744963e+01  3.627276873497281144e+02
-7.072817349973450973e+01  3.629192673279208634e+02
